1787079691 1.0000657543233467
1787079693 0.99987626531216767
1787079696 0.99967860332902969
1787079698 0.99976405568285887
1787079700 0.99983427746850961
1787079702 0.99995850172217848
1787079704 1.0002293025676137
1787079706 0.99997300072898032
1787079708 1.0000172502975677
1787079712 1.0002080432730007
1787079714 0.9996691095247473
1787079716 1.0000440019360852
1787079718 0.99967735413395331
1787079720 0.99945354877220882
1787079722 1.0002080432730007
1787079725 0.99856157205545415
1787079727 0.99913599714646761
1787079729 0.99998025039005478
1787079731 1.0000765058526977
1787079733 0.99900474152625451
1787079735 0.9995549481593321
1787079738 0.99823113442979039
1787079740 0.99344598845268051
1787079742 0.99973507020639529
1787079746 1.0001112623779396
1787079749 0.9977082641173225
1787079751 1.0001365186347937
1787079753 0.99987476568559785
1787079755 1.0001845340465316
1787079757 1.00028958383452
1787079759 1.0000095000902509
1787079762 0.99949850162680876
1787079764 0.9954968699089668
1787079766 0.99995700184892045
1787079768 0.99801295620419739
1787079770 1.0000892579662735
1787079772 1.0002968380867023
1787079774 0.99995675187048161
1787079777 0.99995600193591483
1787079781 1.0002675715753964
1787079783 1.0001152632840935
1787079785 0.99988476328103182
1787079787 0.99912451714185446
1787079790 0.99978354686210436
1787079792 0.99992275596710156
1787079794 0.99968235093299107
1787079796 0.998942120294608
1787079798 1.0001035107133589
1787079800 1.0001625264105418
1787079803 1.00080064051241
1787079805 0.99995800176392591
1787079807 1.0000147502175658
1787079809 1.0000680046243144
1787079811 1.0001055111314243
1787079815 0.9998712665744286
1787079818 0.99988426339651182
1787079820 1.0000382514631185
1787079822 0.99982153185656364
1787079824 1.0000382514631185
1787079826 0.999791793359033
1787079828 0.999839775675948
1787079830 1.0000360012960468
1787079833 1.0001045109213913
1787079835 0.99981803311797257
1787079837 1.000138519184907
1787079839 0.999903259359657
1787079841 1.0000107501155637
1787079843 0.99955120151052179
1787079845 1.0002898339793955
1787079850 0.999569935035451
1787079852 0.99998500022499659
1787079854 0.99998425024805859
1787079856 1.0000317510080945
1787079858 1.0000337511391009
1787079861 0.99997100084097557
1787079863 0.99996025157999968
1787079865 0.999863518629707
1787079867 0.99962838814670651
1787079869 0.99986201904137229
1787079871 1.0003128478431629
1787079874 0.99987626531216767
1787079876 1.0000852572681822
1787079878 1.0000075000562505
1787079880 0.99985002249662547
1787079884 0.99977480072613645
1787079886 0.9999302548647232
1787079889 0.99777720183860408
1787079891 1.0001697788199546
1787079893 0.99986551808781721
1787079895 0.9997345704715398
1787079897 0.99998775015006069
1787079899 1.0000795063207526
1787079902 0.999878264821258
1787079904 1.0005555584738426
1787079906 1.0092451905682
1787079908 1.0000192503705696
1787079910 1.0000527527827092
1787079912 0.99994850265211344
1787079914 0.99842423694803673
1787079919 0.99997575058804822
1787079921 1.0000500025001251
1787079923 0.99991175778737529
1787079925 1.0002130453786657
1787079927 0.99923258937136283
1787079929 0.9991300075459294
1787079932 0.99972282684625691
1787079934 1.0000207504305714
1787079936 0.79412080602467694
1787079939 0.12783750932135188
1787079941 0.9269221526747381
1787079943 0.039371345908475595
1787079946 0.80646543337940269
1787079948 0.870353454889798
1787079950 0.039575513047057261
1787079955 1.0007903741980229
1787079957 1.0021428319103323
1787079959 0.60228936209425643
1787079961 0.033270984893933139
1787079964 0.03785463798194881
1787079966 0.03812722429460632
1787079969 0.037502257401506464
1787079971 0.036838295117071089
1787079973 0.039567580552150351
1787079976 1.7088832021053442
1787079978 0.6349335351575397
1787079980 0.99993950366002859
1787079982 0.41911187887750523
1787079985 0.039383289585554773
1787079989 0.038188124343015092
